Column 1	Column 2	Column 3	Column 4	Column 5	Column 6	Column 7	Column 8	Column 9	Column 10	Column 11	Column 12	Column 13	Column 14	Column 15	Name
#!{Type}E	E	E	E	E	E	E	E	E	E	E	E	E	E	E	T
#!{C:Grouping}Group1	Group1	Group1	Group1	Group1	Group2	Group2	Group2	Group2	Group2	Group3	Group3	Group3	Group3	Group3	
0.365928798913956	0.844130218029022	-0.260998487472534	0.100485935807228	-0.163922041654587	1.14135146141052	1.27093291282654	-0.408465892076492	-1.25660026073456	0.25285130739212	-0.0185530185699463	-0.447606682777405	-0.646116197109222	-0.337788492441177	0.142017215490341	Row 1
-1.18108320236206	-0.824611783027649	0.352505743503571	1.22956717014313	0.248642116785049	0.384655028581619	0.693847298622131	0.567517876625061	0.918731272220612	1.24714601039886	-0.903510808944702	0.318646550178528	-0.346383482217789	0.297529399394989	1.28334951400757	Row 2
-0.1187654286623	-0.838872134685516	-1.76814210414886	-0.681269884109497	-0.0593479536473751	-2.09778189659119	0.302222192287445	-1.3518979549408	-0.223195761442184	2.20345664024353	-0.277110934257507	0.32008695602417	-1.10929954051971	-0.166212394833565	0.0415107496082783	Row 3
-0.274530649185181	0.726709187030792	0.738922297954559	-1.67805206775665	0.739386677742004	1.0185934305191	-0.509393870830536	0.257760643959045	-1.31019854545593	-0.336146295070648	1.57740032672882	1.5785608291626	0.623566865921021	-1.04979968070984	-0.162317276000977	Row 4
0.550150096416473	-0.677680552005768	-0.282659947872162	1.28120887279511	-0.639091014862061	1.15470147132874	-0.134913131594658	-0.467745721340179	1.78085374832153	0.132182568311691	-1.14010965824127	1.69572162628174	2.41747522354126	-0.36000782251358	-0.016686687245965	Row 5
-1.22321009635925	-0.92034912109375	1.42768049240112	0.893778741359711	0.384675860404968	-0.15445265173912	0.753318905830383	0.583209633827209	-1.95778667926788	0.142592772841454	-0.577569723129272	1.11862289905548	-0.714365661144257	-0.0937326401472092	0.243456274271011	Row 6
-0.0444041453301907	-0.170098528265953	-0.809059500694275	1.85139107704163	-0.816383481025696	-0.040041845291853	0.557928621768951	0.400418400764465	-0.498599082231522	-0.0646668300032616	-0.766326665878296	-0.671176910400391	0.274991720914841	-0.836685299873352	-0.312094897031784	Row 7
0.348361968994141	-1.28056514263153	-2.15294551849365	-0.236608579754829	0.107163332402706	1.66697871685028	0.647642374038696	-0.437672317028046	-0.389560759067535	-0.183987095952034	0.569166898727417	-1.12102568149567	-0.38257160782814	0.0510228686034679	-0.361138463020325	Row 8
1.14878726005554	1.0149313211441	-1.50671064853668	-0.256661385297775	-0.19916470348835	0.448137134313583	0.330010294914246	-0.410638421773911	1.39358341693878	0.103567846119404	-2.37835383415222	0.31094765663147	-1.62859737873077	0.108337596058846	1.03778457641602	Row 9
0.181768670678139	0.250147670507431	0.076958179473877	0.210350885987282	-0.698274254798889	1.06770026683807	-1.72484922409058	-1.12285232543945	-0.645917594432831	-1.2522304058075	-1.03979396820068	0.146258622407913	1.44436168670654	1.40474283695221	-0.896489977836609	Row 10
0.104671776294708	-1.54869151115417	-0.347130358219147	-0.36101046204567	0.48823493719101	-0.230586290359497	0.766724109649658	0.136673554778099	-0.540130078792572	0.283634275197983	-0.537976086139679	1.7221212387085	0.560149729251862	-1.55090737342834	1.21733093261719	Row 11
-0.267557740211487	-1.34842586517334	-0.736034095287323	-0.950788140296936	-0.631172358989716	-1.35647690296173	-0.33897802233696	0.179466918110847	-1.38368368148804	-0.374962627887726	-0.0118891363963485	0.58372175693512	0.646115064620972	2.28852581977844	-0.117148578166962	Row 12
-1.4329195022583	0.277311652898788	-0.132605493068695	1.22037351131439	-0.21530194580555	-1.70815253257751	-0.0852679759263992	-1.23738718032837	-1.04235434532166	0.12012179940939	-0.896115601062775	-1.67299830913544	-1.0368412733078	-0.539108872413635	0.787226378917694	Row 13
0.670762538909912	-0.406583458185196	-0.0311444737017155	-1.03046596050262	1.25982856750488	-0.161191716790199	0.975991666316986	-1.56344985961914	-1.35433077812195	-0.165122047066689	0.165565297007561	0.286581069231033	-0.957739174365997	-0.903082430362701	0.708456456661224	Row 14
-0.541477024555206	-1.47789573669434	-1.2785576581955	1.16291666030884	-0.645151197910309	0.340892404317856	-2.34604501724243	-1.31302833557129	-1.56901752948761	0.0197155866771936	-0.283403813838959	-0.198721274733543	0.238480612635612	0.859659194946289	0.969647467136383	Row 15
2.13857245445251	-0.578589916229248	-0.985516786575317	0.487527132034302	0.129033818840981	-0.486746698617935	-0.720216810703278	-0.190993905067444	-0.192265316843987	-0.898797452449799	0.637982130050659	-0.556513965129852	-1.01066923141479	-1.46876704692841	-0.378245234489441	Row 16
-1.581915974617	-0.0102218557149172	-0.743309438228607	0.438603848218918	0.484152883291245	2.00993776321411	1.06803345680237	1.92315125465393	0.247400045394897	0.612741589546204	-0.447039604187012	0.997788906097412	0.683794140815735	1.06651747226715	-0.248447358608246	Row 17
0.394810229539871	-0.268189996480942	0.00880456157028675	-0.957861959934235	0.519581079483032	2.25661897659302	0.780711650848389	0.29799085855484	-0.438414573669434	-0.645359754562378	-0.692965984344482	1.89034748077393	0.411523789167404	-0.200464144349098	-0.715886950492859	Row 18
1.36604797840118	0.07244972884655	-0.351600110530853	1.62640035152435	0.588844239711761	1.3986930847168	-2.05062007904053	0.118171654641628	0.669816136360168	2.235515832901	0.0970544368028641	0.00592065928503871	1.3833212852478	-1.0286967754364	-1.06316041946411	Row 19
-0.374402463436127	-0.158794194459915	0.351754069328308	1.35656714439392	0.621951401233673	-0.0340216867625713	-1.48337006568909	-1.47485947608948	-0.44525420665741	-0.0190532691776752	-2.14863061904907	-0.808905363082886	-1.16372168064117	-2.43988180160522	-0.0316666923463345	Row 20
-0.887225329875946	-0.441085159778595	-0.496439039707184	-0.84821629524231	0.907063901424408	-0.635781168937683	0.100057989358902	2.43823051452637	0.273443102836609	-0.145496651530266	0.577330529689789	0.938805401325226	-0.0315864197909832	-0.0654613301157951	1.19348454475403	Row 21
0.882981717586517	0.644240379333496	0.336097925901413	-1.21371674537659	-0.0937137752771378	-0.587747573852539	0.170003697276115	0.794748067855835	1.43945205211639	0.760025203227997	-1.65131092071533	-1.51014757156372	1.57484900951386	0.368572860956192	-0.278761059045792	Row 22
1.10655426979065	2.0979106426239	0.181712806224823	0.345119446516037	-0.0506877191364765	1.16077053546906	-1.33251464366913	-0.0685163736343384	0.766828060150146	0.123651780188084	0.288148671388626	-0.707614779472351	0.656711637973785	-2.25879764556885	-0.343027710914612	Row 23
0.427768290042877	0.34282574057579	-0.541533350944519	-1.03117501735687	0.313872843980789	-0.676301181316376	0.381148546934128	0.861577749252319	-0.694058418273926	0.150511160492897	-1.49528586864471	0.560267686843872	1.31248104572296	0.0941098406910896	1.51508796215057	Row 24
0.859330296516418	-0.525773763656616	0.545607388019562	1.60777616500854	2.64344072341919	0.39907893538475	0.295386791229248	-0.911556363105774	-0.601997852325439	-0.457761436700821	-0.574772477149963	-0.6060870885849	1.12361919879913	0.533463656902313	-0.425871908664703	Row 25
-0.148147210478783	-1.93947887420654	-0.430953443050385	-0.430004984140396	-0.390664935112	0.0654962733387947	0.151757642626762	0.0712210014462471	-2.67067074775696	-0.747084021568298	0.877248525619507	0.997513949871063	0.386354357004166	0.0155175803229213	0.760948359966278	Row 26
0.3538558781147	-0.230560675263405	0.091452568769455	-0.0560793727636337	0.333148151636124	-0.336081564426422	-0.862742602825165	-0.911547362804413	1.02280616760254	-0.310909867286682	-0.931878864765167	-0.781614422798157	-0.985521733760834	0.577343642711639	0.621367335319519	Row 27
1.01968395709991	-0.51598858833313	0.157324880361557	-1.97300124168396	0.768645524978638	0.200515195727348	0.714431822299957	-1.93257987499237	-0.397268652915955	0.551922619342804	0.256897151470184	-0.174147933721542	0.104013457894325	1.59904325008392	0.857557892799377	Row 28
-1.43245577812195	-1.31147515773773	-0.415300726890564	-0.123139701783657	1.71833872795105	-1.00484681129456	-1.45484709739685	1.38165271282196	1.11234879493713	-0.625851571559906	0.42556357383728	0.690972983837128	-0.0721617564558983	1.39040207862854	-0.803618967533112	Row 29
0.736124098300934	-0.0873287618160248	0.0674926042556763	-0.573445022106171	0.094792902469635	-0.798300266265869	-0.932213485240936	0.674258291721344	-0.796352684497833	-0.175663605332375	-0.0151856709271669	0.190267041325569	0.331103563308716	-0.631822884082794	1.29723954200745	Row 30
-0.196980252861977	-0.716302514076233	0.276000201702118	-2.50961208343506	-0.806334555149078	0.634721457958221	-0.0377653278410435	-1.170938372612	-0.155105099081993	-1.48646104335785	0.815928280353546	0.847883105278015	-0.362342327833176	0.169018819928169	-1.21811151504517	Row 31
0.529826819896698	-1.57823657989502	1.02259421348572	0.765802204608917	0.0772208496928215	-1.66071879863739	-1.857754945755	-0.848214685916901	1.03209495544434	0.690078139305115	0.213392674922943	-0.343840628862381	0.292742162942886	1.27935039997101	0.280592501163483	Row 32
3.20106196403503	-0.650255799293518	-0.97182697057724	0.0448662079870701	0.710043132305145	0.615562617778778	1.00152480602264	1.07183587551117	1.67207896709442	-0.890642583370209	0.725426316261292	-1.03254330158234	-0.221375823020935	0.909726798534393	-0.889171659946442	Row 33
0.50218939781189	0.668023645877838	-0.171132758259773	-1.10832238197327	-0.0864138603210449	1.21003675460815	-2.44753289222717	-0.442525118589401	-0.590359330177307	2.1822144985199	-0.614465653896332	-0.094389833509922	-0.853710353374481	-0.601174235343933	-0.690801203250885	Row 34
-0.0409447252750397	0.698314309120178	-0.785050630569458	-0.214204281568527	-1.90887629985809	-0.944839358329773	-0.0759994685649872	-0.686790585517883	-1.72656619548798	0.678870975971222	0.0307110529392958	0.648585140705109	0.64738917350769	-1.90431070327759	0.133521690964699	Row 35
-1.40303754806519	0.321593284606934	-0.148739963769913	-0.774542033672333	-0.700125217437744	1.49151647090912	1.4252165555954	-1.64453077316284	-1.18676137924194	-0.248961567878723	0.0836092680692673	0.169934198260307	-0.722849488258362	-2.26786136627197	0.454677313566208	Row 36
-0.59920072555542	-0.683839797973633	0.265684008598328	-0.0802865847945213	-0.293278336524963	-0.570505142211914	0.207386717200279	0.719778060913086	-1.55944287776947	-1.39102649688721	0.124864034354687	0.0584925524890423	-0.386782258749008	-0.925463318824768	-1.35474598407745	Row 37
-0.39370533823967	1.55351328849792	-0.2691610455513	1.96108782291412	-0.367347955703735	-0.783718585968018	-1.3453528881073	-0.184725359082222	-1.32122611999512	0.78341680765152	0.672677159309387	-0.05476288869977	0.590309917926788	-1.34171545505524	0.153028383851051	Row 38
-1.97428774833679	-0.608098745346069	-1.3794561624527	-0.206057980656624	-0.939716279506683	0.542836785316467	0.214911535382271	-1.23490726947784	0.171721786260605	-0.687914490699768	0.791938245296478	-0.00397004373371601	0.731975615024567	-0.228058531880379	-1.31649684906006	Row 39
1.46728944778442	0.0159429162740707	-0.190461292862892	0.498681724071503	1.82879602909088	0.712002992630005	2.83592557907104	-0.334674507379532	1.11881399154663	0.301637202501297	2.13356637954712	0.517194449901581	-2.00987696647644	-1.14461183547974	-1.65617990493774	Row 40
-1.72949361801147	0.40324941277504	0.144553452730179	0.843654990196228	-1.1311821937561	-0.460175782442093	-0.0957453101873398	-0.95581978559494	-0.414464294910431	0.22991169989109	-1.56658101081848	0.359180063009262	1.88587379455566	-0.179503217339516	-0.908986330032349	Row 41
-0.542812407016754	1.65003025531769	0.18386597931385	-0.902662038803101	0.755702674388886	0.130932703614235	0.759371519088745	1.23709154129028	1.04592156410217	0.692555487155914	-0.201125100255013	0.803736567497253	1.24291884899139	-1.45554602146149	1.38926732540131	Row 42
-0.367216169834137	-1.05360567569733	2.0518057346344	0.964616239070892	0.479684561491013	-0.360336124897003	1.85363233089447	-0.115357644855976	-0.0461815074086189	0.19281741976738	0.561078786849976	0.375453621149063	-1.06015300750732	-2.68271732330322	-1.26372385025024	Row 43
-0.279341518878937	-1.7398796081543	1.81932878494263	0.179408580064774	0.09660954028368	0.122696258127689	-0.752618730068207	-1.39958965778351	1.00481951236725	-1.58285224437714	-2.09253931045532	0.641637682914734	1.39131081104279	-0.715762317180634	-1.02652561664581	Row 44
0.532163977622986	-1.57101893424988	-0.94790381193161	0.160466775298119	1.14661490917206	0.54405266046524	0.351344794034958	0.149343922734261	-0.992415547370911	-0.307085663080215	1.7912529706955	-1.0248544216156	-0.0778820365667343	0.700726747512817	-0.252807706594467	Row 45
-2.70484733581543	0.146336868405342	1.43607616424561	0.508224487304688	-1.2051727771759	-1.77682888507843	-0.686320662498474	0.00795723218470812	1.53615629673004	0.84639972448349	-0.0600271709263325	-1.18795990943909	-0.47756639122963	0.309947162866592	-0.501465797424316	Row 46
0.902133822441101	-1.92097020149231	-0.594322085380554	0.0799211487174034	1.28612208366394	0.279182314872742	-0.782472372055054	0.01535898540169	-0.674563050270081	0.132698774337769	0.830732822418213	0.699752628803253	0.999719023704529	-0.925304651260376	0.536408662796021	Row 47
-0.625393390655518	1.26805341243744	0.756067097187042	1.94247114658356	1.33812987804413	-1.13718104362488	-1.43987452983856	0.0572842657566071	0.50043398141861	-0.122116312384605	-0.185973554849625	-1.06245946884155	0.595308363437653	-0.392107784748077	-0.394831389188766	Row 48
-0.0965276882052422	1.01227736473084	-0.527241766452789	-0.190871089696884	0.721980750560761	1.83187913894653	1.53029072284698	1.08414316177368	0.218155518174171	-0.126939907670021	-2.12735176086426	0.95570707321167	1.37484920024872	-1.20963633060455	-1.42475545406342	Row 49
1.52292740345001	-0.254341274499893	1.20220375061035	1.07942390441895	0.963369429111481	1.19197142124176	-0.138758689165115	-1.05396282672882	0.724318623542786	0.27726137638092	-1.07152605056763	-0.448488026857376	1.40894997119904	-0.916021823883057	1.45387542247772	Row 50
0.802430629730225	-1.31862688064575	-0.709714651107788	-0.394712775945663	-0.738184690475464	-0.530915200710297	-0.590282261371613	0.238290265202522	2.28090739250183	-0.586192190647125	0.147969216108322	-0.10583484172821	-0.296882659196854	-0.259014934301376	-0.976616442203522	Row 51
-0.0197210628539324	-2.31403160095215	-0.154453620314598	-0.279144465923309	0.709771156311035	-0.759685337543488	0.263138294219971	-0.0489560514688492	-0.168072015047073	-1.01237106323242	0.411398530006409	-0.952696442604065	-0.444967687129974	1.78890824317932	0.0284322705119848	Row 52
-0.763128936290741	0.265693068504334	-0.181761309504509	2.09759187698364	-0.334127008914948	-1.08929824829102	-0.206611543893814	0.68768447637558	0.846294522285461	0.658374607563019	-0.726629853248596	-0.565771341323853	-2.06643986701965	1.48766195774078	0.968306005001068	Row 53
-0.222467675805092	-0.398007422685623	0.180389240384102	-0.403569668531418	0.464985966682434	1.70211184024811	1.35194909572601	-0.306858271360397	1.73721635341644	-1.02109730243683	-0.166802674531937	-0.0638836249709129	-1.58768653869629	1.68543195724487	-0.33031040430069	Row 54
-0.595739603042603	-0.256953626871109	-0.744565844535828	1.81496632099152	0.11771547049284	0.54020494222641	2.29703855514526	-0.226355463266373	0.697591006755829	-1.66943788528442	0.0764069482684135	-0.807595789432526	-0.622828125953674	-0.345433622598648	1.36318457126617	Row 55
1.42507982254028	-0.010828853584826	-0.276861578226089	-1.04787135124207	-1.06184911727905	0.302825391292572	0.348871499300003	-0.623022735118866	0.211636587977409	-1.68460297584534	1.41435635089874	-0.453820198774338	0.656127691268921	-0.447027921676636	-0.169062450528145	Row 56
-0.773331701755524	-1.5527251958847	1.39642941951752	1.63080394268036	0.385879963636398	-1.52640235424042	0.832078993320465	-2.80947303771973	1.66367638111115	0.396998703479767	1.26189661026001	-1.69223606586456	-0.254841089248657	0.16346763074398	0.81453263759613	Row 57
-1.2507655620575	-2.15590000152588	0.68195641040802	0.353131502866745	0.0803964510560036	1.29982912540436	0.255873829126358	0.482974290847778	1.79190170764923	-1.5625821352005	0.990350246429443	-0.114975854754448	0.456007748842239	-1.04833900928497	-1.16896104812622	Row 58
1.03965520858765	-0.454810559749603	-0.56470787525177	-1.057333111763	1.00975596904755	-0.6658074259758	-1.19883024692535	0.878398299217224	-0.114348404109478	0.289867162704468	1.20799851417542	-0.261349946260452	1.44768607616425	-0.505201816558838	-0.498080790042877	Row 59
0.351324737071991	-0.905342161655426	-0.45026159286499	-0.2937952876091	-1.09844720363617	0.139233574271202	-2.57119631767273	-0.308028668165207	-0.537490546703339	1.17209041118622	-0.339367985725403	0.193926811218262	0.65013724565506	-1.29107892513275	-1.23507380485535	Row 60
1.01616299152374	1.691251039505	-0.449324429035187	1.12218403816223	-2.11018586158752	-1.17812860012054	-0.00504488311707973	0.6590336561203	0.858303964138031	-2.62721872329712	0.814103543758392	-1.15879416465759	-2.48569989204407	0.316464513540268	1.3577139377594	Row 61
0.567285060882568	0.171247601509094	-0.925261557102203	-0.241109788417816	-0.0630859956145287	-0.715020418167114	0.479648679494858	-0.883898317813873	-2.05775117874146	0.4580999314785	-1.03179287910461	-1.11501729488373	0.250397741794586	1.60535287857056	-1.16534328460693	Row 62
0.532358527183533	0.451939404010773	-0.342679738998413	-0.989515602588654	-1.63158988952637	-1.62468731403351	-1.66393113136292	0.788656294345856	1.21618092060089	0.68364006280899	1.5328905582428	-0.636670351028442	0.295927703380585	-1.15553271770477	-1.21370899677277	Row 63
-0.333655446767807	-0.00872070156037807	-0.0919511914253235	1.59467172622681	-0.158147543668747	-0.169150173664093	0.317864418029785	2.14239597320557	0.862414717674255	-0.141263097524643	-0.0883888751268387	1.50523900985718	-1.40322875976563	1.03888010978699	-0.924873173236847	Row 64
-0.808175086975098	0.633630216121674	0.0938952937722206	1.91996872425079	-0.461469143629074	-2.2485728263855	1.30283939838409	1.15470731258392	0.59257310628891	0.219833627343178	-1.58537006378174	1.03489136695862	-1.25287866592407	-0.444564998149872	2.31594347953796	Row 65
-1.07649111747742	-0.445033699274063	1.29019713401794	0.302349060773849	0.743049383163452	1.40936172008514	0.563419759273529	-0.495889395475388	0.110034972429276	-1.01067984104156	-0.0344642847776413	0.449777483940125	0.870277345180511	-0.0333661437034607	2.57062649726868	Row 66
1.7501779794693	0.426249444484711	-1.08937275409698	-0.870263457298279	-1.30877423286438	-1.46141076087952	-0.770528316497803	0.176572054624558	-0.376327782869339	0.889515042304993	-0.470599770545959	0.0482484176754951	-0.0463088266551495	-0.737422227859497	1.27808749675751	Row 67
1.04422104358673	-0.520257651805878	0.112937614321709	1.43353676795959	-1.47576820850372	0.0383513495326042	1.11050879955292	-1.33728086948395	-0.409857213497162	0.0623739138245583	0.956297636032104	0.857930123806	-0.941772758960724	-0.38138073682785	-0.747724831104279	Row 68
0.880104184150696	-0.186312034726143	1.23754322528839	0.335888117551804	0.714720129966736	-0.156121790409088	1.67670059204102	2.09017753601074	0.584123551845551	-0.070526085793972	-1.76028180122375	-1.64625227451324	-1.00554215908051	0.230105057358742	1.54493260383606	Row 69
0.703635990619659	0.188652768731117	0.845454752445221	0.782904803752899	0.90308940410614	-0.461502730846405	-0.949091792106628	-0.216875106096268	-0.0494679249823093	-0.561685562133789	-0.490580588579178	-2.01042413711548	-0.600789248943329	1.64841461181641	1.5863493680954	Row 70
-0.438126981258392	0.897491276264191	0.238902002573013	-0.722263514995575	-0.106072977185249	-0.181985944509506	0.824687242507935	1.76173543930054	0.334029674530029	0.55480432510376	0.90599113702774	-0.725985109806061	2.6597785949707	-0.997572422027588	-0.717844307422638	Row 71
0.0354744791984558	0.104317896068096	-0.60098123550415	1.20578122138977	0.813843607902527	-0.803408920764923	1.36537230014801	0.12969982624054	1.5719165802002	-0.649579048156738	1.00681817531586	0.0672332122921944	-1.63473784923553	0.415253758430481	1.16366577148438	Row 72
0.15686471760273	0.167496979236603	-0.32848933339119	-0.511335074901581	0.341857820749283	-0.61830085515976	0.29456490278244	1.19643783569336	-1.02717006206512	-1.13298916816711	0.78337961435318	-0.858480989933014	0.115808613598347	-0.690554738044739	-0.127560421824455	Row 73
-0.0601999536156654	0.880445599555969	0.233287140727043	0.00285283569246531	-0.101929649710655	0.305150419473648	-0.912343919277191	-1.56148970127106	-0.170437529683113	-0.596752762794495	1.61808919906616	0.0840462520718575	-0.0941973328590393	1.19180333614349	-0.747004747390747	Row 74
0.905892252922058	1.32483375072479	-0.592203319072723	-0.945276379585266	-1.04036056995392	-0.399471342563629	0.728225350379944	0.072855181992054	0.916880667209625	0.335893511772156	-0.813177704811096	-0.497934311628342	0.43384525179863	-0.173581898212433	-0.585551559925079	Row 75
0.392559260129929	0.554625272750854	0.750623881816864	0.0284842848777771	-0.332160294055939	-0.107166275382042	0.348437190055847	-0.931884348392487	-0.445654660463333	-0.222275212407112	0.0695953071117401	-2.26449251174927	-1.42078852653503	-0.25535973906517	1.03865718841553	Row 76
-0.977603375911713	-0.705197691917419	-0.865584373474121	-0.00772892171517015	2.56544208526611	-1.10299444198608	0.809686124324799	-0.883700907230377	-0.663159668445587	-0.572620570659637	1.09624052047729	0.530135452747345	-1.89866364002228	-1.2702089548111	0.398521184921265	Row 77
-0.13230174779892	-0.171547994017601	-0.167577266693115	-0.609259784221649	1.1438969373703	-0.0115314451977611	0.499929189682007	-0.717154562473297	-0.392559558153152	0.569122314453125	0.51238739490509	-0.561710596084595	0.0834095627069473	-0.523812592029572	2.03312134742737	Row 78
-0.71621972322464	0.964202046394348	-0.310126960277557	0.749171316623688	0.135683447122574	0.264097064733505	-0.0748482048511505	0.647634863853455	-1.04979562759399	0.565480291843414	-0.194028779864311	0.93445360660553	-0.448324680328369	0.919983983039856	1.78243947029114	Row 79
-0.783266186714172	0.559784531593323	0.0615214891731739	-0.522533059120178	0.19118495285511	0.021274546161294	-1.44126999378204	-1.12156796455383	-0.462043613195419	-0.0184206310659647	0.330327212810516	-1.01354730129242	0.292089641094208	1.78784930706024	1.65665185451508	Row 80
-0.936043620109558	1.12978100776672	1.7965259552002	-0.456482708454132	0.167477622628212	-0.922418117523193	0.089664988219738	0.878762304782867	0.32898336648941	0.331235885620117	-0.305267870426178	0.171987071633339	0.347353428602219	-2.19337940216064	-0.87658429145813	Row 81
0.891760289669037	0.0443192906677723	1.52357840538025	0.77845960855484	0.560607194900513	-0.0466123186051846	0.262272566556931	-0.702897071838379	0.0951323360204697	0.196450874209404	-0.887860774993896	0.566463112831116	0.159398764371872	-0.442714363336563	-1.09408378601074	Row 82
0.255178898572922	0.412390828132629	-0.188861653208733	1.5870965719223	-0.0538165792822838	1.5315967798233	-0.423797488212585	-0.420890867710114	-0.369062304496765	-2.23690223693848	0.94073760509491	0.037121344357729	-0.179102256894112	-0.576340019702911	-0.429756551980972	Row 83
-0.571513772010803	1.28955483436584	1.08097803592682	-0.53157377243042	1.24989056587219	-1.04102802276611	-0.241967290639877	-0.977226436138153	1.86531007289886	-0.633777379989624	0.676976263523102	-0.460690557956696	0.0355028063058853	1.71150481700897	0.298957407474518	Row 84
0.562971770763397	1.53623020648956	0.74099338054657	0.367857962846756	-1.80947947502136	-0.120596922934055	-0.319818079471588	0.159769013524055	1.53862011432648	-0.683911740779877	-0.309869945049286	1.38328301906586	0.453613549470901	-0.597301781177521	0.593965411186218	Row 85
-0.994376540184021	2.60559153556824	0.335544794797897	0.709412157535553	1.43600964546204	-0.746117055416107	0.548474788665771	0.835907399654388	-1.6544703245163	1.07704567909241	-1.55063307285309	1.65391790866852	1.42474460601807	-0.378863751888275	-1.10077428817749	Row 86
-1.04221868515015	-0.0309334751218557	0.117023438215256	2.64393162727356	-0.342553645372391	0.151120349764824	-1.01833510398865	-0.128871724009514	-1.05548906326294	-0.48140686750412	-0.451869338750839	1.29210734367371	1.34597361087799	-0.198267087340355	0.680681467056274	Row 87
-0.120123289525509	-0.954483270645142	0.561629414558411	0.271214514970779	0.181467041373253	0.825145363807678	-2.25169968605042	-0.60201370716095	-0.0358281247317791	-1.88591396808624	-0.503434181213379	-1.04156184196472	-0.562313675880432	0.84257435798645	1.78008925914764	Row 88
-0.426503777503967	-0.118937775492668	-0.110456489026546	-0.140522927045822	-0.675527632236481	0.0715100988745689	-0.97645103931427	-1.73754191398621	-2.32093834877014	-0.242100030183792	0.313852667808533	0.344813734292984	-0.084849625825882	0.743595659732819	1.26450562477112	Row 89
1.44759380817413	-1.27328431606293	0.469522684812546	-0.757351458072662	1.04930090904236	-0.529067397117615	-0.589714765548706	-0.499049544334412	0.710939228534698	-0.690978765487671	-1.68192338943481	-1.49738442897797	-1.9382735490799	-0.327953636646271	-0.974408388137817	Row 90
-0.963450014591217	0.327434867620468	-0.179623380303383	1.99679899215698	-1.62302780151367	0.808199167251587	1.37243664264679	0.580724000930786	-1.05733633041382	-0.449303984642029	0.600487768650055	1.19827008247375	2.06639814376831	-0.147606819868088	1.29501461982727	Row 91
-0.379566609859467	0.348144680261612	-0.655591726303101	0.691851198673248	0.660857617855072	-0.045724168419838	0.0379173681139946	-2.02638602256775	-0.172585383057594	0.0277514830231667	-0.368350893259048	1.02313458919525	-0.464377224445343	0.488997548818588	-0.853540480136871	Row 92
0.123942397534847	-0.635263919830322	-0.0481251254677773	0.169140741229057	-0.737825572490692	0.864868640899658	-0.869331240653992	-0.508049666881561	-0.0271512623876333	0.396133661270142	0.211689278483391	0.493701010942459	-0.204384207725525	1.4395204782486	0.612832009792328	Row 93
-0.527407109737396	0.459908723831177	-1.52227187156677	-2.62720322608948	1.26731824874878	0.164936423301697	-0.405773341655731	1.18757307529449	0.319480627775192	-0.57993221282959	1.67385935783386	-1.09106123447418	1.63133788108826	0.266644030809402	-1.71337735652924	Row 94
-1.5766773223877	0.397571355104446	-0.176311075687408	-0.776480257511139	-0.586148142814636	1.63368761539459	0.67487496137619	-0.749118387699127	0.316236287355423	-0.776002109050751	0.450976461172104	1.77479231357574	0.729401111602783	0.998506247997284	-0.651503801345825	Row 95
1.94017326831818	0.735633432865143	-1.11259949207306	-1.71926832199097	-0.611708462238312	0.450999975204468	0.321966409683228	0.698074638843536	-0.560807704925537	0.43383926153183	0.993865728378296	-1.20630550384521	2.26592230796814	1.12486445903778	0.729069292545319	Row 96
-1.9925856590271	-1.74327325820923	0.0932149812579155	-0.60057145357132	-0.460107684135437	-0.198931679129601	1.37499558925629	-1.0786144733429	0.324106156826019	1.14939844608307	0.445382565259933	0.0515343621373177	-0.959685266017914	-2.63172912597656	0.343887805938721	Row 97
0.57755184173584	1.27505874633789	0.214988991618156	-0.124268651008606	-0.908770680427551	0.102450184524059	0.739605963230133	-0.434264481067657	-0.900984942913055	-1.00083196163177	0.260706037282944	1.41775095462799	-1.55614233016968	-0.980598509311676	0.793268203735352	Row 98
-1.30169558525085	-0.349676638841629	0.382154226303101	0.644701719284058	-0.437558799982071	-0.451448649168015	0.0792732760310173	-0.565763115882874	0.281075060367584	1.46212780475616	0.530205130577087	-0.405865877866745	0.148383036255836	-0.679642915725708	0.336961716413498	Row 99
1.06857705116272	0.743071734905243	-0.286659717559814	1.26568365097046	-0.175107926130295	-2.14883828163147	1.19341707229614	1.8751722574234	-0.418384462594986	1.62833261489868	-1.11773347854614	-0.587157607078552	-0.0534929893910885	-0.395568132400513	-0.297157108783722	Row 100
